6.759270016963665473e-01
6.599210500717163086e-01
6.486592980531545871e-01
6.362606149453383653e-01
6.283369293579688097e-01
6.156383386025061633e-01
6.084825075589693766e-01
6.018437055441049344e-01
5.929561211512639485e-01
5.850590513302729168e-01
5.765766593126150363e-01
5.711430448752182754e-01
5.661591474826519477e-01
5.580166853391207438e-01
5.549287796020507812e-01
5.515181238834674371e-01
5.460434189209570910e-01
5.445227118638845676e-01
5.362504216340872043e-01
5.297974531467144477e-01
5.289773299143865071e-01
5.253190810863788140e-01
5.225981840720543836e-01
5.186924659288846273e-01
5.184080463189345567e-01
5.142096831248357258e-01
5.096068794910724176e-01
5.070422452229720323e-01
5.048672854900360107e-01
5.031171555702502740e-01
4.988828209730294949e-01
4.990680103118603217e-01
4.938634106746086494e-01
4.980805172370030287e-01
4.918440305269681234e-01
4.890151619911193848e-01
4.875203279348520047e-01
4.890271700345553141e-01
4.862951613389528971e-01
4.863130450248718262e-01
4.843249985804924385e-01
4.836437289531414496e-01
4.808710034076983941e-01
4.800910032712496500e-01
4.755477790649120795e-01
4.769379542424128648e-01
4.771880667943220744e-01
4.742663709016946560e-01
4.751179608014913791e-01
4.723961422076591865e-01
4.716859138928927164e-01
4.706102907657623291e-01
4.699743458857902900e-01
4.711377574847294691e-01
4.662379003488100748e-01
4.678367972373962402e-01
4.656209441331716770e-01
4.654222268324632039e-01
4.656664385245396498e-01
4.621606102356544121e-01
4.639280553047473443e-01
4.605769148239722832e-01
4.605443202532254476e-01
4.615742472501901394e-01
4.605887325910421604e-01
4.589922519830557102e-01
4.593269664507645955e-01
4.558564309890453803e-01
4.547620920034555203e-01
4.555047589998978963e-01
4.547768074732560506e-01
4.547386008959550252e-01
4.549563091534834514e-01
4.550199646216172567e-01
4.524921843638786689e-01
4.509536623954772949e-01
4.525783612177922133e-01
4.530700147151947021e-01
4.534523739264561537e-01
4.519472993337191324e-01
4.520526665907639852e-01
4.503788237388317572e-01
4.498411187758812324e-01
4.450591985995953070e-01
4.471955345227168199e-01
4.445202648639678955e-01
4.433272022467393270e-01
4.456856021514305488e-01
4.484167397022247314e-01
4.463948446970719686e-01
4.419623819681314236e-01
4.446099790243002170e-01
4.419853664361513834e-01
4.434079206906832438e-01
4.420546568357027750e-01
4.399224611429067844e-01
4.412528001345120687e-01
4.426902463802924736e-01
4.405020704636207207e-01
4.398084580898284912e-01
4.393948270724369887e-01
4.388955304255852119e-01
4.378094145884880439e-01
4.419536315477811117e-01
4.370386990217062229e-01
4.365846262528346178e-01
4.381796946892371758e-01
4.380321686084454047e-01
4.361051779526930461e-01
4.340844085583320244e-01
4.351236338798816217e-01
4.348407983779907227e-01
4.335222633985372775e-01
4.356251611159397963e-01
4.346360999804276815e-01
4.344665522758777154e-01
4.357413741258474582e-01
4.324299349234654311e-01
4.329755948140071031e-01
4.336910843849182129e-01
4.315737646359663615e-01
4.310389275734241021e-01
4.307056138148674385e-01
4.293380608925452813e-01
4.324032801848191609e-01
4.315524880702679145e-01
4.303583319370563043e-01
4.286461655910198676e-01
4.268209521587078559e-01
4.288866313604208225e-01
4.274894801469949490e-01
4.284947904256674045e-01
4.266326427459716797e-01
4.294326786811535346e-01
4.260834822287926094e-01
4.263644378918867717e-01
4.276551535496345147e-01
4.253080762349642496e-01
4.278960182116581801e-01
4.272564626657046061e-01
4.247422424646524197e-01
4.227777788272270576e-01
4.253475253398601996e-01
4.235226282706627265e-01
4.235084813374739299e-01
4.237491580156179660e-01
4.226081096209012289e-01
4.227811143948481676e-01
4.230981813027308580e-01
4.213798527534191596e-01
4.218369424343109131e-01
4.223606173808758246e-01
4.242571500631479031e-01
4.221738462264721381e-01
4.228664567837348565e-01
4.200327075444735270e-01
4.217153787612915039e-01
4.206241438022026435e-01
4.204589930864480740e-01
4.202164457394526598e-01
4.205732047557830811e-01
4.217314353355994805e-01
4.190537906610048990e-01
4.197589548734518283e-01
4.212789329198690647e-01
4.177964513118450629e-01
4.186489284038543701e-01
4.178996934340550307e-01
4.191010067096123115e-01
4.175624205515934828e-01
4.188719598146585232e-01
4.162343602914076457e-01
4.182518926950601346e-01
4.174982813688424832e-01
4.157894230805910807e-01
4.166007821376507270e-01
4.151682945398184055e-01
4.151349319861485365e-01
4.152542994572566148e-01
4.160000017056098565e-01
4.161434586231524957e-01
4.177544116973876953e-01
4.162737452066861410e-01
4.145096036104055637e-01
4.136206370133619914e-01
4.141201422764704820e-01
4.163388426487262262e-01
4.145111625011150824e-01
4.152418099916898031e-01
4.120237322954031223e-01
4.128076915557568061e-01
4.136715370875138631e-01
4.142376069839184272e-01
4.113824505072373738e-01
4.131856033435234443e-01
4.128374892931718221e-01
4.128617071188412924e-01
4.121246269116035088e-01
4.104550526692317125e-01
4.137806158799391398e-01
4.110352649138523939e-01
4.108804005842942586e-01
4.120857830231006158e-01
4.114529467546023112e-01
4.103683233261108398e-01
4.090879261493682861e-01
4.120973417392143623e-01
4.088648420113783488e-01
4.056186469701620334e-01
4.093865385422340020e-01
4.076836132086240072e-01
4.124487821872417914e-01
4.095050165286430732e-01
4.085891246795654297e-01
4.068176333720867621e-01
4.112361233968001017e-01
4.097581322376544488e-01
4.087751576533684150e-01
4.077974787125220879e-01
4.096034650619213568e-01
4.092771250468034139e-01
4.064751542531527262e-01
4.096410389129931939e-01
4.056798059206742635e-01
4.076642875487987983e-01
4.062781035900115967e-01
4.100938920791332709e-01
4.083162202284886244e-01
4.080451062092414483e-01
4.086378789865053873e-01
4.079123666653266533e-01
4.056787261596092597e-01
4.067451747564169162e-01
4.057965232775761488e-01
4.066681976501758111e-01
4.053431657644418484e-01
4.087730439809652561e-01
4.049130678176879883e-01
4.065163869124192586e-01
4.043621604259197699e-01
4.060367597983433607e-01
4.067559035924764865e-01
4.036181110602158895e-01
4.050590418852292318e-01
4.032648159907414320e-01
4.054575264453887939e-01
4.041954714518327108e-01
4.027972932045276178e-01
4.058583562190716254e-01
4.027633208494920125e-01
4.041609236827263252e-01
4.034997041408832086e-01
3.995630145072937012e-01
4.072995552649864570e-01
4.032627940177917480e-01
4.043335364415095445e-01
4.033610866619990465e-01
4.039856676871960151e-01
4.028577460692479018e-01
4.014518581903897543e-01
4.031474957099327461e-01
4.007914891609778985e-01
4.041955425189091566e-01
4.007920508201305854e-01
4.014939207297105184e-01
4.023995720423184652e-01
4.003540758903210151e-01
4.011727204689612969e-01
4.020921312845670004e-01
4.011649145529820326e-01
4.006387476737682807e-01
4.015452357438894504e-01
4.017657179098862996e-01
4.020389914512634277e-01
3.992729393335489041e-01
4.027222165694603340e-01
3.996838308297671061e-01
3.999850153923034668e-01
4.000718501897958523e-01
3.989993608914889078e-01
4.009480499304257650e-01
3.982993547733013617e-01
3.996054209195650797e-01
4.011128544807434082e-01
4.022170305252075195e-01
4.000046299054072496e-01
3.986290830832261434e-01
3.982627804462726129e-01
3.997701314779428250e-01
3.971591637684748766e-01
3.993082436231466525e-01
3.998566705446977010e-01
3.990084368448991170e-01
3.993577406956599352e-01
3.972589671611785889e-01
3.990143262423001547e-01
3.976759566710545424e-01
3.976430411522204889e-01
3.965186774730682373e-01
3.978777619508596652e-01
3.963975929296933431e-01
3.975174335333017117e-01
3.986445825833540568e-01
3.977886988566471937e-01
3.982197940349578857e-01
3.944744972082284695e-01
3.945124745368957520e-01
3.965546442912175062e-01
3.967089469616229547e-01
3.970044736678783881e-01
3.989275510494525445e-01
3.957075728819920424e-01
3.963749362872197035e-01
3.945445532982165826e-01
3.958612313637366875e-01
3.969356830303485406e-01
3.960667894436762926e-01
3.951936501723069539e-01
3.946363169413346639e-01
3.959515301080850369e-01
3.962994355421800008e-01
3.944980823076688070e-01
3.948710010601924059e-01
3.946161889112912435e-01
3.967979894234583971e-01
3.948300159894503336e-01
3.955701176936810004e-01
3.964190024595994344e-01
3.950119179028730998e-01
3.929432034492492676e-01
3.967130757295168619e-01
3.937971293926239014e-01
3.971049052018385539e-01
3.936475652914780965e-01
3.965173340760744791e-01
3.988084403368142850e-01
3.943770665388841024e-01
3.931453594794639961e-01
3.913287199460543375e-01
3.964565831881303182e-01
3.952151926664205783e-01
3.961996481968806383e-01
3.941232653764578098e-01
3.935640110419346693e-01
3.912290403476127998e-01
3.965714459235851752e-01
3.942779050423548814e-01
3.945561693264887926e-01
3.923823420818035590e-01
3.914437752503615031e-01
3.964821031460395440e-01
3.943516818376687771e-01
3.915989605280069119e-01
3.944528538447160115e-01
3.925539094668168416e-01
3.949768955890948785e-01
3.913320188338940131e-01
3.917213976383209229e-01
3.921591135171743625e-01
3.918473147428952474e-01
3.931137208755199897e-01
3.925337997766641385e-01
3.924391177984384305e-01
3.904694295846499186e-01
3.926530801332913656e-01
3.960102085883800971e-01
3.940941164126762764e-01
3.926222576544834975e-01
3.909454712500938789e-01
3.922118338254781955e-01
3.921159620468432916e-01
3.921359777450561523e-01
3.903129880244915473e-01
3.924784981287442465e-01
3.937413417376004476e-01
3.925398336007044908e-01
3.896337380776038750e-01
3.928375037816854709e-01
3.917402143661792291e-01
3.932352570387033230e-01
3.916764007164881822e-01
3.896755071786733859e-01
3.923591237801771769e-01
3.936086388734670871e-01
3.894129876907055365e-01
3.916772168416243205e-01
3.898788713491879721e-01
3.894127469796400676e-01
3.908933836680192342e-01
3.907952125255877984e-01
3.889541052854977865e-01
3.920523386735182414e-01
3.885569389049823297e-01
3.884602876809927219e-01
3.876639902591705322e-01
3.901498776215773234e-01
3.890655522163097846e-01
3.888318171867957695e-01
3.911137649646171943e-01
3.889199220217191000e-01
3.886188727158766398e-01
3.883880537289839396e-01
3.910027467287503500e-01
3.926572203636169434e-01
3.899076351752647773e-01
3.902436380202953803e-01
3.897007428682767172e-01
3.876355634285853502e-01
3.886450116450970160e-01
3.885807096958160400e-01
3.873013143356029975e-01
3.908856786214388590e-01
3.906357563458956461e-01
3.878239301534799344e-01
3.901682518995724935e-01
3.906110020784231418e-01
3.898200507347400201e-01
3.904850230767176744e-01
3.894858727088341133e-01
3.877595067024230957e-01
3.885080011991354221e-01
3.893992236027351006e-01
3.873805243235368123e-01
3.880741458672743449e-01
3.867303133010864258e-01
3.865179373667790297e-01
3.856722047695747002e-01
3.882990800417386312e-01
3.880878962003267985e-01
3.890607471649463189e-01
3.859876967393435221e-01
3.871461061330941922e-01
3.890467767532055365e-01
3.862499755162459025e-01
3.885441239063556207e-01
3.895211632435138238e-01
3.886372011441450725e-01
3.882745298055502170e-01
3.869738211998572930e-01
3.862495697461642008e-01
3.875653995917393568e-01
3.884452902353726644e-01
3.894452338035290229e-01
3.866375317940345391e-01
3.892014462214249959e-01
3.868616750607123955e-01
3.856615194907555000e-01
3.897172923271472467e-01
3.881474366554847344e-01
3.868587681880363838e-01
3.871027666788834920e-01
3.865290398781116021e-01
3.849751720061668769e-01
3.873242391989781264e-01
3.880366797630603326e-01
3.864489037256974568e-01
3.885314510418818590e-01
3.857412659204922933e-01
3.851901957621940986e-01
3.847944644781259305e-01
3.862903553705949178e-01
3.874127727288466105e-01
3.870453169712653740e-01
3.860898889028109293e-01
3.851655377791478041e-01
3.863750856656294475e-01
3.892987164167257541e-01
3.866641338054950250e-01
3.845942822786477810e-01
3.853845963111290351e-01
3.853359887233147041e-01
3.883672127356895820e-01
3.847475189429063192e-01
3.893293371567359551e-01
3.866419608776385797e-01
3.874972875301654351e-01
3.843569686779609307e-01
3.823497868501223307e-01
3.872605355886312717e-01
3.845030229825239787e-01
3.853442302116981133e-01
3.864711133333352810e-01
3.851642654492304918e-01
3.842521286927736979e-01
3.861048473761631850e-01
3.852718701729407891e-01
3.835191520360800022e-01
3.851797190996316678e-01
3.844123161756075602e-01
3.858760068049797431e-01
3.847771928860591051e-01
3.843218936369969252e-01
3.829369636682363742e-01
3.835453734948084947e-01
3.849467153732593072e-01
3.871393272509941474e-01
3.848080657995663900e-01
3.832732163942776937e-01
3.859369112895085219e-01
3.854880011998690348e-01
3.859921693801879883e-01
3.852648230699392551e-01
3.840178480515113457e-01
3.825564384460449219e-01
3.860445687404045478e-01
3.852810240708864908e-01
3.841773477884439236e-01
3.849751124015221015e-01
3.828331392544966350e-01
3.812674650779137031e-01
3.834839830031761543e-01
3.835382071825174100e-01
3.824088779779580838e-01
3.835463707263653266e-01
3.858576027246621853e-01
3.832558806125934137e-01
3.861936789292555461e-01
3.853638699421516045e-01
3.836239301241360922e-01
3.845332952646108859e-01
3.844701441434713596e-01
3.829543544695927504e-01
3.866518781735346910e-01
3.841495353441972127e-01
3.830282069169558268e-01
3.835362516916714926e-01
3.845564516691061252e-01
3.826173635629507297e-01
3.850065057094280707e-01
3.832056178496434096e-01
3.834645885687608113e-01
3.832800182012411350e-01
3.829577335944542305e-01
3.837267114565922621e-01
3.808657847917996664e-01
3.819922300485464328e-01
3.827035106145418863e-01
3.840935505353487711e-01
3.843142711199246664e-01
3.838432591695051799e-01
3.831490507492652520e-01
3.810938527950873955e-01
3.859650859465965644e-01
3.838418469979212877e-01
3.811156382927528008e-01
3.832680537150456312e-01
3.827062226258791666e-01
3.828527216727917182e-01
3.812938538881448514e-01
3.835325837135314941e-01
3.817775639203878635e-01
3.829989204039940254e-01
3.846475711235633477e-01
3.807453857018397447e-01
3.787632515797248467e-01
3.820614700133984076e-01
3.841338455677032471e-01
3.821405837169060127e-01
3.823337188133826836e-01
3.802231481442084893e-01
3.837602459467374105e-01
3.825367276485149848e-01
3.816773662200340644e-01
3.807323666719290012e-01
3.801526725292205811e-01
3.817991843590369805e-01
3.831776151290306465e-01
3.796876416756556627e-01
3.793523174065809855e-01
3.823381410195277330e-01
3.822942169813009494e-01
3.806738119858961711e-01
3.801137025539691461e-01
3.806534845095414510e-01
3.822514323087838894e-01
3.797685137161841973e-01
3.822797949497516168e-01
3.831417652276846164e-01
3.816209389613224867e-01
3.793435899110940701e-01
3.795706262955299004e-01
3.798120938814603109e-01
3.826568699800051432e-01
3.798745274543762207e-01
3.793043769322909098e-01
3.835424276498647922e-01
3.815487806613628852e-01
3.809090761037973172e-01
3.815037699846121066e-01
3.801108369460472480e-01
3.786252118073977213e-01
3.788448916031764147e-01
3.792837697726029744e-01
3.809643937991215590e-01
3.802696741544283610e-01
3.803453009862166057e-01
3.791148020670964125e-01
3.773684455798222426e-01
3.820403997714703070e-01
3.813210794558891670e-01
3.795152008533477783e-01
3.815354475608238594e-01
3.826205776287959215e-01
3.817521356619321127e-01
3.784761864405412068e-01
3.783811926841735840e-01
3.799922580902392877e-01
3.799115396462954264e-01
3.792782907302563178e-01
3.790825903415679932e-01
3.807609127118037340e-01
3.814937426493718031e-01
3.779796843345348822e-01
3.780820186321551812e-01
3.801793845800253147e-01
3.795124957194694892e-01
3.781219262343186727e-01
3.792168085391705024e-01
3.789981764096480021e-01
3.803976522042201158e-01
3.796021021329439860e-01
3.780796138139871365e-01
3.798183661240797648e-01
3.812551131615272149e-01
3.793583535231076498e-01
3.806730760977818373e-01
3.786013401471651774e-01
3.789043449438534994e-01
3.774573711248544461e-01
3.790689156605647203e-01
3.794442117214202881e-01
3.784020015826591865e-01
3.808853328227996826e-01
3.824268281459808350e-01
3.792309646423046576e-01
3.784961792138906711e-01
3.797336312440725559e-01
3.770109667227818373e-01
3.820582192677717814e-01
3.787175852518815389e-01
3.796535982535435561e-01
3.797699075478773723e-01
3.793464371791252510e-01
3.782617679009070977e-01
3.790175662590907213e-01
3.780109423857468953e-01
3.782484989899855266e-01
3.786838329755343180e-01
3.761702179908752441e-01
3.801572712568136447e-01
3.763344929768489000e-01
3.777584502330192939e-01
3.798836332101088176e-01
3.760703664559584269e-01
3.785518797544332736e-01
3.794592596017397623e-01
3.786183733206529012e-01
3.787791660198798760e-01
3.766324222087860107e-01
3.791275299512423258e-01
3.752609812296353597e-01
3.783321426464961168e-01
3.803058518813206557e-01
3.777954280376434326e-01
3.775561979183784111e-01
3.777498671641716377e-01
3.812503012327047580e-01
3.778589207392472615e-01
3.785798159929422146e-01
3.770638864773970256e-01
3.760717052679795613e-01
3.763030675741342312e-01
3.771166663903456340e-01
3.777410984039306641e-01
3.760798481794503934e-01
3.792584653084094537e-01
3.776776974017803656e-01
3.778194234921382066e-01
3.749318397962130289e-01
3.771708859847142103e-01
3.810874292483696357e-01
3.779512918912447672e-01
3.795274794101715088e-01
3.793478333033047933e-01
3.761680355438819512e-01
3.762700603558467027e-01
3.761000083043025133e-01
3.782099416622748955e-01
3.775588251077212076e-01
3.770838952981508951e-01
3.772518703570732490e-01
3.784147111269143826e-01
3.781134852996239082e-01
3.769766183999868625e-01
3.788375602318690416e-01
3.760299843091230998e-01
3.780371821843661051e-01
3.752201772653139811e-01
3.771633459971501234e-01
3.767918646335601807e-01
3.765819691694699545e-01
3.747550226174868326e-01
3.763187413032238471e-01
3.787156343460083008e-01
3.769923517337211982e-01
3.765200376510620117e-01
3.762051600676316609e-01
3.762622246375450508e-01
3.753625108645512465e-01
3.763749301433563232e-01
3.754940629005432129e-01
3.787628595645611274e-01
3.777747131310976725e-01
3.772753064449017035e-01
3.729835060926584012e-01
3.763810579593365180e-01
3.760774227289053195e-01
3.757916001173166043e-01
3.752011519211989055e-01
3.757223051327925334e-01
3.799227911692399373e-01
3.760051887768965373e-01
3.740343543199392551e-01
3.761075047346261746e-01
3.759837104724003676e-01
3.737737628129812473e-01
3.758454850086799248e-01
3.736472565394181600e-01
3.760870351241185072e-01
3.757726275003873129e-01
3.746510835794302219e-01
3.755436860598050375e-01
3.752094759390904311e-01
3.778710915492131117e-01
3.771213659873375312e-01
3.749647278052110067e-01
3.744183847537407295e-01
3.751092897011683580e-01
3.742551092918102729e-01
3.750483279044811713e-01
3.759028063370631334e-01
3.755919658220731039e-01
3.747170040240654365e-01
3.744240105152130127e-01
3.742899115269000543e-01
3.758930816100193861e-01
3.744452802034524685e-01
3.763501025163210612e-01
3.741449507383199924e-01
3.767299697949336168e-01
3.737836250892052070e-01
3.746696229164416803e-01
3.755850333433884969e-01
3.766796565972841959e-01
3.731959760189056396e-01
3.750354280838599785e-01
3.766698860205136556e-01
3.753824715430920111e-01
3.744432100882896797e-01
3.759989807238945381e-01
3.733535684072054606e-01
3.741947939762702569e-01
3.729906494800860894e-01
3.741315901279449463e-01
3.753422154830052260e-01
3.736702134976020440e-01
3.753702732232900852e-01
3.757556401766263265e-01
3.771170905003181084e-01
3.734304515215066678e-01
3.747755266152895670e-01
3.749908965367537150e-01
3.748032404826237562e-01
3.730483192663926473e-01
3.744211380298321235e-01
3.757951649335714572e-01
3.756781472609593275e-01
3.727928102016448975e-01
3.743099937072166816e-01
3.738911839631887668e-01
3.748984359777890463e-01
3.728285706960238199e-01
3.761083277372213596e-01
3.732142769373379965e-01
3.740940093994140625e-01
3.737337451714735637e-01
3.741027070925785902e-01
3.756964183770693522e-01
3.729474819623507242e-01
3.726361187604757541e-01
3.733150569292215115e-01
3.727967418157137613e-01
3.755845565062302938e-01
3.745137521853813545e-01
3.764321689422314154e-01
3.751497199902167901e-01
3.737998490150158393e-01
3.732931957795069811e-01
3.730432987213134766e-01
3.723354935646057129e-01
3.710111975669860840e-01
3.701163003077873603e-01
3.730524457418001871e-01
3.753336071968078613e-01
3.735446081711695787e-01
3.755771999175732123e-01
3.748506582700289469e-01
3.756442987001858969e-01
3.713575188930218207e-01
3.747763427404257053e-01
3.737772450997279283e-01
3.748891674555264730e-01
3.752786815166473389e-01
3.764375906724196086e-01
3.739325037369361504e-01
3.737185070147880928e-01
3.754732402471395725e-01
3.744274102724515219e-01
3.753582926896902316e-01
3.725547996851114041e-01
3.727074838601626139e-01
3.722338493053729547e-01
3.708821878983424303e-01
3.720655532983633274e-01
3.729954201441544881e-01
3.725015658598679891e-01
3.720407142088963393e-01
3.725965596162356119e-01
3.715509955699627387e-01
3.720432221889495850e-01
3.730631447755373697e-01
3.727076787215012899e-01
3.718520036110511406e-01
3.726318409809699639e-01
3.735115023759695285e-01
3.737774193286895752e-01
3.728852432507734904e-01
3.709336037819201959e-01
3.743449793412135240e-01
3.733245959648719414e-01
3.749847733057461996e-01
3.729640382986802449e-01
3.706081486665285807e-01
3.733574954363015896e-01
3.736618046577160346e-01
3.711134218252621908e-01
3.754715460997361531e-01
3.731432671730334771e-01
3.711115878361921916e-01
3.696385828348306424e-01
3.724000431024111490e-01
3.731311169954446560e-01
3.722191980251899346e-01
3.726852444502023465e-01
3.726054934354928738e-01
3.695426078943105930e-01
3.720106207407437582e-01
3.710844883551964180e-01
3.695918527933267361e-01
3.735172014970045695e-01
3.715458649855393758e-01
3.719617495170006172e-01
3.723788284338437338e-01
3.696984327756441813e-01
3.736140980170323256e-01
3.704049197527078396e-01
3.710772326359382256e-01
3.726940728150881510e-01
3.736081329675821072e-01
3.730380122478191840e-01
3.726946436441861410e-01
3.702202278834123006e-01
3.732233276733985528e-01
3.710897931685814277e-01
3.715930626942561266e-01
3.704250386128059014e-01
3.721394217931307535e-01
3.718265638901637193e-01
3.700420122880201945e-01
3.713293923781468275e-01
3.721398161007807848e-01
3.716428256951845865e-01
3.747525879969963447e-01
3.736150677387530816e-01
3.724077366865597982e-01
3.724804474757267836e-01
3.738730068390185846e-01
3.728779623141655342e-01
3.740752774935502400e-01
3.717111188631791463e-01
3.714876312475938192e-01
3.725700653516329508e-01
3.706423090054438707e-01
3.681439321774702678e-01
3.733963530797224650e-01
3.726060757270225898e-01
3.700309647963597182e-01
3.719168213697580105e-01
3.716998856801252971e-01
3.722546994686126709e-01
3.703273672323960652e-01
3.705503390385554430e-01
3.722836512785691609e-01
3.714236708787771457e-01
3.683783847552079549e-01
3.694360141570751654e-01
3.690961782748882758e-01
3.718122106332045207e-01
3.704227025692279351e-01
3.704558427517230523e-01
3.701144319314222941e-01
3.721450292147122640e-01
3.721137642860412598e-01
3.704610558656545871e-01
3.732581528333517307e-01
3.712914677766653293e-01
3.706874343065115207e-01
3.713043057001553793e-01
3.698602662636683580e-01
3.693784865049215549e-01
3.697355366670168619e-01
3.690073329668778768e-01
3.706943415678464193e-01
3.713016968507033000e-01
3.718906365908108969e-01
3.723529095833117974e-01
3.698112850005810248e-01
3.706310230952042928e-01
3.718790434874020834e-01
3.693577028237856608e-01
3.722973190821133871e-01
3.698312502640944133e-01
3.711428619348086100e-01
3.687939483385819783e-01
3.726394222332881090e-01
3.687872405235583795e-01
3.680394223103156670e-01
3.681546862308795465e-01
3.711834045556875461e-01
3.697751187361203451e-01
3.692716772739703668e-01
3.701766408406771403e-01
3.731532073937929850e-01
3.703247629679166097e-01
3.696034321418175117e-01
3.708922037711510078e-01
3.690180388780740506e-01
3.706149848607870334e-01
3.708107242217430488e-01
3.705237278571495430e-01
3.688667806295248264e-01
3.698282837867736816e-01
3.706963406159327623e-01
3.687239380983206027e-01
3.691817567898676988e-01
3.702237422649676812e-01
3.673635629507211453e-01
3.700024416813483819e-01
3.667698915188128961e-01
3.701771841599391100e-01
3.662620507753812094e-01
3.687670230865478516e-01
3.697364353216611166e-01
3.692863514790168389e-01
3.709372740525465617e-01
3.701424896717071533e-01
3.697886123107029799e-01
3.695532633708073500e-01
3.692936026133023519e-01
3.697092166313758477e-01
3.702849562351520074e-01
3.680399197798508992e-01
3.682276400235983127e-01
3.693767373378460395e-01
3.679993106768681410e-01
3.675188124179840088e-01
3.689311353059915310e-01
3.687524222410641928e-01
3.693350805686070326e-01
3.678001234164604560e-01
3.686659152691180719e-01
3.703331328355349283e-01
3.688943638251377943e-01
3.691496390562791219e-01
3.686703649850991971e-01
3.716647762518662801e-01
3.699816327828627238e-01
3.709119558334350586e-01
3.698286276597242961e-01
3.671600681084852824e-01
3.685373274179605252e-01
3.686299690833458320e-01
3.706187239060035332e-01
3.682626760922945719e-01
3.671936048911167982e-01
3.710347643265357598e-01
3.708239266505607978e-01
3.697255781063666924e-01
3.684697517981895820e-01
3.692137484367077338e-01
